image_00000 230 262 249 292
image_00001 231 260 249 294
image_00002 232 263 249 295
image_00003 231 261 250 298
image_00004 231 258 251 296
image_00005 232 260 251 298
image_00006 232 260 251 299
image_00007 233 259 251 297
image_00008 232 258 252 299
image_00009 231 260 252 298
image_00010 230 259 251 298
image_00011 230 259 253 300
image_00012 231 260 251 299
image_00013 231 257 252 300
image_00014 230 256 253 300
image_00015 231 255 255 304
image_00016 231 255 253 301
image_00017 231 256 255 301
image_00018 229 242 262 302
image_00019 229 251 260 301
image_00020 230 247 260 302
image_00021 231 246 260 302
image_00022 230 248 262 300
image_00023 230 248 262 303
image_00024 229 245 261 303
image_00025 229 246 262 304
image_00026 229 243 262 304
image_00027 227 246 261 304
image_00028 228 244 263 305
image_00029 227 246 263 305
image_00030 228 247 262 305
image_00031 228 244 263 306
image_00032 237 243 265 306
image_00033 244 243 265 308
image_00034 239 244 266 309
image_00035 241 243 266 309
image_00036 242 243 264 310
image_00037 241 244 264 307
image_00038 241 242 267 310
image_00039 241 245 268 308
image_00040 240 248 269 309
image_00041 242 246 267 309
image_00042 241 247 270 309
image_00043 245 239 268 306
image_00044 243 241 268 306
image_00045 239 244 268 306
image_00046 242 241 268 308
image_00047 249 243 267 273
image_00048 252 238 267 270
image_00049 249 240 267 268
image_00050 251 241 266 267
image_00051 251 240 267 268
image_00052 252 241 268 268
image_00053 253 243 267 266
image_00054 252 241 268 269
image_00055 253 242 268 268
image_00056 254 239 268 269
image_00057 255 240 268 268
image_00058 255 238 267 266
image_00059 255 237 267 266
image_00060 255 240 268 265
image_00061 254 239 268 268
image_00062 253 239 268 265
image_00063 254 240 267 265
